Domain 1:
lb = [0.9259501468342337, 0.9370383303858767, 0.8556021732489235, 1.147449709932502, -0.6150562496186814, 0.5, 0.512521117858977, -0.571913546816477, 1.3492302785758965, 0.0494632343878712, 0.533884893558711]
ub = [0.9259501468342337, 0.9370383303858767, 0.8556021732489235, 1.147449709932502, -0.6150562496186814, 1.5, 0.512521117858977, -0.571913546816477, 1.3492302785758965, 0.0494632343878712, 0.533884893558711]

Domain 2:
lb = [0.9259501468342337, 0.9370383303858767, 0.8556021732489235, 1.147449709932502, -0.6150562496186814, 0.5, 0.0, -0.571913546816477, 0.5, 0.0, 0.533884893558711]
ub = [0.9259501468342337, 0.9370383303858767, 0.8556021732489235, 1.147449709932502, -0.6150562496186814, 1.5, 1.0, -0.571913546816477, 0.5, 1.0, 0.533884893558711]

Domain 3:  # Used for 50 trials physics informed
lb = [ 0.3744,  0.6678,  0.9594,  0.7053, -1.2457,  0.2473,  0.0577, -1.1925, 0.6816,  0.1486,  0.5292]
ub = [ 0.6953,  1.2401,  1.7818,  1.3098, -0.6707,  0.4593,  0.1072, -0.6421, 1.2659,  0.2760,  0.9828]