lb = [0.9259501468342337, 0.9370383303858767, 0.8556021732489235, 1.147449709932502, -0.6150562496186814, 0.5, 0.512521117858977, -0.571913546816477, 1.3492302785758965, 0.0494632343878712, 0.533884893558711]
ub = [0.9259501468342337, 0.9370383303858767, 0.8556021732489235, 1.147449709932502, -0.6150562496186814, 1.5, 0.512521117858977, -0.571913546816477, 1.3492302785758965, 0.0494632343878712, 0.533884893558711]